40853
19138
41232
23413
12323
32142
23412
32214
33213
33212
33221
22314
11234
22132
23134
23132
13031
82
5391
25021
4148
106172281
4625
4115
3772
17291
100797250
58387
3672
18783
223
31001
7600
221
3791
24392
21230
4313
40122
33070
4116
20754
25489
30271
65406
8011
28662
9383
561
36853
4171
9944
1113
2295
21494
10497
4192
1337
11484
40172
20631
16189
13445171
20656
24452
2681
20633
40492
201468826
25241
23546735
57379
371
10117
25979
8583
63712
8994
15991
25202
25302
37321
30292
20665
36044808
9380
4091
19944
67513261
57415
50361
59222
9353
15431
4071
17143
916663
25244
33141376
18813
44713
41312
4922
4711
11770
55121
43111
10953
3411
3413
7385
8295
204090357
12026
12301
2595
38973
25811
40211
36711
22643541
55561
30900
33394
3383
14081
17503
17508
40977
2863
12658
35792667
37192
7083
12690
12802
3792
40241
12867
11763
26211
133195
54220
27069
27063
1464
2031669
43001
53713
56483
21276
57791
21394
32683
8015085
547
40251
3931
131335
38382
53617
155886679
17053
28641645
15177
18036
6263
43232
4314
20683
12514
31263
59772
134294547
11851
39382
6262
20564
39388
7243
25846
4231
2824279
157628693
32881
30061
73729028
17260
3913
12183
52183
21311
57938
35923
61872
4933
71716
1731
545
10131
24544375
32862
27895
5353
48473
70724146
10686
20502
32502
63263
109052177
30021
274
181635258
181635548
4163
81415904
81415903
11022
36923
43923
36335
4466
48921
15163
17136784
24514185
3053
57425
8547
66136457
33031
122038283
11072
11071
40502
41423
17441
52464
10292
4582
3222
55092
33033
33101376
15416
46151
4301
3052
40472
15619
7691
59461
14145
24957
52054
19093494
43332
19432
30031
62065
62233
9017663
41623
23996
166428
55409
13873
351
2331
55281
35001
5682
57580
61651
61683
35563
31977
2378627
20657
142809396
32121
27751
33427
10392
10442
126695350
215865439
57794
30074
49680
73476099
145852531
40232
44079
2832159
56045
30401
29013
31934
31563
4449
43822
39513
30803
1846
92408542
92408543
30574
17251
25534
6372
12216
25056
13510508
19856
29696
24361
13510507
36426
10023
10013
13522478
16001
3101
14374
3912
37746
37393
37475
10873
31342
30403
143066651
15292
109051975
3422
4571
786
195832379
53280
147
4762
59086
19091
37753
10624
29267
145317733
5149
195832388
46212
8901
50081
46702750
46702721
111357207
5922
29441
3642
3781
56322
51654
92549873
40281
20268
139540416
8183
5201
4674
4721
12671
5001
38692
19859
41524
1613
10795
1612
442
31451
40182
443
62271
24219
24923
316
47105
16963
9132
9133
108605383
13736
53589
22835
12099
1554
4417
56003
10851
32182
24792
20481
48543
24782
15303
1593
29217
28771
23299
23496
23298
21933
5073
5793
22412
134294507
177145419
177145359
20751
34260
24260
55021
2320
19534
40573
16781
22838
35180
21091
18998
46253
5721
24363
21586
22705
11586
22706
23421
5170
16118
40484
121038247
14371
15475
14298
34055
24662
10513
24292
1344241
6873
1521049
10627045
10627575
13823
3890
5823
36045320
831
22901
40485
22905
10038
18592
16021
61223735
613
501
11533
84494641
54192
9893
10211
10102
29220
5923
14498
155714718
53981
15567
4738
5090
168391446
41932
44708
1103
34342
51585
10012
47724
30163
1093
13442
20972
13441
40193
1751
56242
49323
46461
27129699
13347
21780
16902
57861
37411
37415
46646
45758
14379
5072
51419
16962
46702720
45541
3713
62997519
3712
36674
62995509
62997529
20932
10975
63501
18979
13380206
10628023
66
41762
23053847
36141
10242
10241
62825
46331
8655904
180422761
62994729
48798
46983
104010913
40155
11136
40686
104009754
14972
63920
14432
5901
34245
24245
1857
28256627
28831
36766690
350
57718
41292
6071
16009
50363
20273
117735759
117735799
103810477
16362
117738929
27608
53810
43042
72559745
49459
56113
50461
13923
26439
43943
43162
143001693
51071
51073
10112
783
58643
15259
1876
38488
30075
3862
16893
143525322
180422661
211883261
211878939
13056
11463
23472019
72165469
117747307
3311
34617
35154
30063
30253
17191
18121
51813
30192
162704733
33751
44511
4521
5643
33353
12411
31581
12733
12732
30565
18332
78738378
78736589
61463
64151
10147
17267
22613
11830
117812783
40523
18680
20732
31831
9012
12731
4524
55164
117930815
1580
43991
42664
14076
50012
20355
22500
1053
21021
21862
46184
45482
37314
58116
32281
20091
12112
31362
8022
16051
50594
50596
15283
10187
51418
21365599
21168780
27653
10467
70265183
14377
51417
55321
41261
41051
35094
55352
168391445
55353
13189620
2430763
2435143
111357817
44661
31061
1660321
30917
35525
30874
140128340
12882
12865
3153939
3153059
3152839
3153039
23672
47869
47861
21763
3150939
4817
40914
4121
40911
7032
4097
7977
16622
10615
11923
11062
14817
60152
27722
211
10286
126454147
33552
15314
11339
18652
36143
33039
22687
25316979
31851
5296
24483
11337
3158039
16493
27511
16491
24063
3951
1193
5563
16702
5242
2873
134298655
1809
11606
143464425
1962325
913857
22191
39971
2306291
11645
10380
13061
13821
25664
24955
65485
23064
15612
24884
4435
42716
20258
3380
1623
12142
43123000
50001
142877373
101765383
118762614
13184028
119387449
7973
11882
23252
44007
46871
27198
10483
27215
43122751
46083
101765454
48682
59992
6581
9041
4082
43123110
3550
16852
17622
60303
10641
10482
8991163
30771
33551
8997743
24326177
55329
180690183
61631
1084
12089
60701
1081
1082
180690185
24012
50411
11363
10672
50462
53021
85741074
4520
55231
128198569
24322287
134228519
11881
24322277
60032
4446
24319377
43268
10061
10065
57153
18918
24162
9391779
23861
41242
50122
61270845
9383179
13512428
14828
25677
3693
184761976
60899765
45046
24163
55745
10236
10902
13189030
168102953
19249
2429953
15419
20872
61971
2303
100930831
42203
59142
13473
42113
120663149
13253
10076
10075
56581
38711
59036
33626
3251
59608
118958082
2429663
145827621
1343
101897615
54114
57157
47651
10706
391
27199651
27199671
21832629
10051
32226
2633
212076118
6325
1306
8933317
34094
40089112
42123
2184799
35263
8032
10015
21502881
59162
32585
32293
142739979
17311
5093
23002
19
62696
23001
36418
38181
45051
5752
42029
42030
10451
10452
126454117
8246
46941
27551
5204
21253317
14125
14122
4242
2622
36773
203434805
25654588
19926
313
21370248
11537
10098
1097
36419
20132
33827
7532
51068
894
2032
25635609
29112
13740
20530
20081
40732
22141
3681
37249
52012
15321
1052
36218
40503
20822
118764015
40498
42812
3952
60151
53346
143465436
10631
922
3043
10792
3363
50626
34913
24040
20093
20201
118503149
7752
138
16951
57509
3933
60730
11672801
26112
28058
48004
49033
32770733
40214
14115
40978
102771251
32776163
12383
14444
21706
10063
10067
11071786
1071
2473784
209856584
15930380
20668482
40601
553
50163
111881275
30082
20241
11261
510833
2047
551
101897617
556
52247
18252
35643
1084934
54591
17653
19059
9825821
10016
19052
42051
106041269
32988813
22247
52282
848
157459823
30252
6734365
572
3396
10330
35039
111478668
10346
14610
14462
14461
106171812
85338469
44555
2741
35261
4210
8095
26594
197340431
39031
10134
2283
21812
51939
6982457
55201
43271
18
16
41582
3945324
14803
180622937
211114548
46359
20562
58076407
20563
3150949
15121
134295525
8575
1923
3643
211115059
10413
49123
1206259
43263
47352
47351
12741
12507
239379097
20150915
15627771
18361
15643
7047238
10591
217786703
67273625
3951889
118642
90305
8941
12744
12931
101894355
4460
17722
4411
7754530
47353
42381
50881
35554
16950
209886339
163
118634633
10302
5123
976457
3832
25069
21497060
32562
32561
2293
203752230
247539
1922
3381
3063
33020039
537446
24378
61330
45192
25724663
22756503
11093
30413
36483
55106
100860756
10055
57583
33553
6568270
6609267
4737
41018
46940507
25032
25031
25961
1925
27811
871822
28462806
32563
46421
13583
118569136
30472
30474
31242
57923
16062
1585
39273
10772
63565
63564
1822
50351
2231
40744
5753
52251
59103
207169363
46596372
21402
5673
19349
33911
27898
10152
104074321
48092
59841
34378
20889150
55233
42832
26178
32463
11232
62372
46935910
34070
42126
184761726
30608
24501
78710278
30391
48891
1333
1448
4388
30551
142997997
10270
11148
35780
35788
4081
18679
10481
38484
206657433
206657035
24985
24403
41074
24843
31249
35113
13208
14452
923
15608
26283268
12829
93988716
11577523
101894287
35771
12182
18458224
3424424
18428224
3016
29063
12370
18562
38503
13533
19981
25713334
11687
94029825
42210
63983
93990385
44522
853
12613
20888651
7403
93989563
20878131
31783
31303
170493547
6665
19842816
21851
217938509
31073
43539
1512760
196963988
37162
18051
21308842
43102
197693280
12321
16048
3987
197426025
36653
11904
1361
12074
54413
4032
1233
4233
403
3964851
3687
15723
118386649
4873
10951
4400
39699322
8098
17804
17461
864960
59339
18043
201468095
12390
10890408
52626052
5114
35092
59049
35063
44012
26677743
33993
55073
3181
118413927
20464
33041
85424621
85409201
14712
10473
45353
15154
8014733
21712
13841
36549
65427
60871
143334453
38573
143334454
27908283
143334534
10728519
33621
53491
1858
146
156663431
156663434
50263
15593
41471
42889
1132
2301876
10291
37219
120733243
3805
23151920
3793
8962
34665
61681
60167
46350653
15102997
15102994
14032
191002965
120597423
3162556
54601
54603
199053765
13027
40171
120597742
199053733
863
49218
28431
11242
27611
164068718
59338
2053
3663
21849669
3861
27612
46612
13942
59441
103947257
103947267
34194
42512
42511
18011
8761
100731444
29361
13103
9573
29363
2501
50594049
63624
2502
61135
62857
201533981
305
843
41138
11112
93990386
4146
20131
225028346
225028340
35351
26596
21148
1253
11095
40021
157452534
51612
2312871
2306781
22177
11321
38962
55003
30790
214381374
32912
34193
46462
52883
249134469
50489812
28885
10651
20442
28002
121176455
35209
1640021
70245679
3822
2311871
32801
40993
15087075
50558418
129051687
11723
54590667
24043
61225255
118658
12333
120596681
4281
27011
15446
96071143
52346
5720
11524
35713
39681
30322
30052
30452
10322
42010809
25972
23407
9870433
42593
25971
20431
15103
8187
40111
152473168
162146355
3863
10151
9914
30295
34083
9057
29711
129120661
129120663
43562
10985
10303
16501
18117
3821
21099
17563
1142
21050528
21070306
11302929
69469960
36586
18871
168301881
100803389
59392
100794921
26171
26462
17976
17975
28461
15483
35533
54502
51892
402
54341
51714
12336
2286
69469964
33113
4882
5730
762
3373
51455
30008
69469952
2996
60775
14153
50801
59509
30505
3814
29149
59322
32540
32541
63856
20627481
24642
13309737
41703
9831
45715
45714
54952
45331
129119932
54332
41313
22080
54162
22796
46307
9599550
9599547
413
3037
32839082
37266
31562
23055347
17646
7149
1856901
42193
65467
65468
54903
10811
10813
54932
61781088
58632
7547042
41021
45586
46924027
21182
21344
22121784
63652
19982
9242
54225
11703
54242
3972
54243
27735
38541
38330
9731
22404
38195
4223
13467452
6318
97829775
40177
31106
33967
30172
2311872
21320876
188229495
4022
10439
61608
23203
27853090
15031
26829
23058
230204706
15071
11141
15073
23686327
33585
35201
16460774
23008
13183297
259
37451
35352
26221823
61783195
51252
10332
54034580
54038387
13380655
54871
533
34236
1388977
2306791
184631642
28618
111167879
111167878
32993
23366
181626768
181628138
54284
1126043
1124433
6675679
15158
34102
34105
2343871
1976301
3570
20887
1389178
40061
2243545
15141
40031
40032
24412323
15285
143000024
12612
41491
27229
26307370
26340774
59102
22031
3702
3722
16514
46702990
12727
12734
16518
13248704
39465
8064630
41052
52373
33699
20561
143333963
142675664
4141
40283
20991
34893
18481
61231835
27594922
27624922
50672
50331
4356
50033
21759633
28943
16540
3902
6813
2828359
19233
26221831
60413
13645139
4229
3612
230797047
201468687
15355
26692
570659
57905
14601
20011
1976311
1976291
59730
53783
22972
45252
184219225
180356223
22969521
180356225
22962941
772
180622268
14243
14321
3086
7045
14040
17273
24953
57857
57827
2252935
22775
7465
32964
54098
46506
7939
23876
61426
28582
971
5712
3348
101894356
66141006
55852
101894256
32572
19529
53697
13691470
45682
13363756
4514
108604455
60849
17903
61987
4651
44403
4179
52019
10937
155902800
62210
1353
38571
60041
73017615
62323
62281
60142
498
30729
10083
15251
108604904
21840801
55341
50213
62212
143267489
46371
5891
17925711
17925719
2828379
34961
33554
24631
17342
37233
23344237
12651
33191
45453
13930
23279102
27468887
53032
124170205
11272
15042
18012
33072
26256
7867552
2795517
2795792
2795518
45642
23614771
25288
25689
101126199
55388072
5039
119000312
59170
11629
41592
10982
10586
55407
2185219
8952607
8928407
8933507
23149019
98566305
23898
33046485
98566304
108606024
57872
18641
33123181
180622848
9268
47743
8131
10142
23192539
23145220
23102
16595
20353124
46002
65442
34868
185696852
2086
13132
24325987
15233
38274
10743
52652
26492
17075013
15185
21840800
51024
4881
2203
2202
65443
4865
4641
1421477
4171859
141569242
61302
24877
2300666
16176
10881
33025
10783
72165566
20067
42702
59504
45372
44942
54471
72155566
32882
18743
120063245
13478173
157382487
62451
4110
103160237
46471
47536
20411
32950
11067
832
3227
28951
13113
23050
42233
736107
117556331
55588
16260
26260
41272
12009
59323
38338856
38338860
35436
37961005
38338848
43708
41441
8028319
20361
24023
21201
4311
20626
53211
53214
61010
68167612
68168022
176096315
7751
40261
341
11404
31033
52113
5151
52658419
52658421
8007773
8007775
34025
69469972
32831
19283
46571
67575276
14309
98650
41077
26338
12915
8026099
8028314
20294
29712327
14021
10093
1502
35751780
24432
7863
7862
55823
35247
2558332
100724387
36728
102255550
8681
23229
12781
56815
8595
5501
2012
20313
101131629
60026
53655
10140
1325851
40442
22801
50732
2111
12502
2742
17074012
2537
66047684
47290104
160694283
1851
16517
30133
9453
2176309
27419
101125791
101131631
79611615
13022
101126201
249135293
43173
10699
27409
45941997
16082
79573746
184832312
11311
28673
101130751
43327
11271
46711
35401
46702680
10191
14632
19431
8953
52722
11263
802
101129031
61301
137774
137453
1381
31027
55181
50022
39173
31527
2705887
2705907
1636
211866669
5252
51932
22907075
35553
17745
8956
12791
18254
58
37882904
1721167
36433
51253
30941
60051
10146
48882
15472
12204
33555
216361715
136955
21019892
14420
18366
35258
20726
87371609
38124
33139
432
65012388
122824475
7001
18976
57899
54001680
38158
34557
16641
40684
4328
124170206
13951
1572
51512
31511
24413803
24413813
15712
14132
17521
14912
3721
910550
173736879
104983329
974523
13693
7722293
44323
44031
36675
11153
1324441
1327451
1327731
167263
11231
26117
16162
26581860
4402
200343763
200343765
41743
17449
69352183
10455
10535
21771
29983
1791
11751
30993
2483
125240819
125240817
20141
20197
22281
30559
16824
7799717
3833
21664
43462
5602
50102
29987
14226480
32681
32413
84655904
19762369
43031
51933
17522
52791
139478941
4183
8896
28803
59123
784230
34773
34776
14556
33735776
29326273
14504
21553
54741
34075
56983
45912
47134
45191
9326843
19104
34072
58760677
30027
31422
10453
37207
5463
30234
64063
30784
42221
8866
46762997
46752842
60340
133734759
13381196
7156
12337
125665845
14231078
36676
39915
32103
212
10172
2132
49062
10700
60363
60011
18422
59805
19593
545873
38151
40493
32942
908604
43909531
2236510
142799489
37776
55451
24882
54012543
100929361
21701
34353
31023
652019
2300687
2300669
2300684
2295264
131090
28187
28249
39122
9123
9122
3828116
3823116
43726
197449867
197436696
54621
34231
11198
890215
62219
32786
10340
20343
18943
29601
29603
57561
12637
27614
51396
100732443
21297996
3880131
118568625
19243
21318172
54
101122161
157383907
41271
7472
1032
26115
41722
10272
7931
22819
40882
23026
62273
8192792
8233358
3971
3982
52580223
13182888
25323
38472
21523
25042
15092
46772
20691796
20675321
20690621
24867
25521
24978
731967
10833
62581
10883
20482
21493
21492
50162
60457
3450
12953
3818116
8981
3812348
20512
67578348
30648
35694
26076
40082
40083
15613
49498
10078
10077
10282
5077
17281
50052
6739693
962282
40195770
7985899
31983
14278
53475
53474
53906
53905
11025
2007331
18103
12361
308107
38308
20161435
152205755
22021
19261
41864
7943
19636
29052
22736
49152
42746
41852
5197828
883
11982
61065
22081
60482
38103
15091
29873
57111
38015
55564
36007
27500735
27518295
323
6703
17382
24809629
24540585
30286
26818367
9395569
18221
18225
37513
21053448
23285392
136
40195775
13182998
16033
33483
14286
69469996
37441
11086955
45421
656621
13697676
145773685
21234707
51791
50493
30481
29731
29681
13320502
13315499
1210766
1459304
93320669
15037
152337897
38360
11175
27932
10321
15197
3813
46091
173933097
62132
13415325
953653
3965632
3967732
3967733
7192
62198
94392523
23285411
47284187
11216
52896348
23285291
153372734
153372731
12825
57
16801
31573
36233
135276765
20808952
135276905
4003
2693
21234706
47419
57430
27873726
9901490
48557
54301
41604
27853731
36397
1388867
63455
4565107
13316865
22023
56051
570690
570695
58154
418507
29251
17416
13255116
13250115
13250114
22824039
7455076
21317
7455075
4690
41612
25602
30492
125240797
21032
60001
53672
21236221
23182792
23157869
16181
42280001
93128268
142739181
19373
65372
15291
43182
742842
16129
16125
13
18219
23903
4406
16417
61031737
37764888
58058
108605775
108605185
19241
64422
25724
43912
59829
2142
36883
9191
37032
42979
1325541
11864752
21278
10918375
10918386
10521
4401
93202403
32813
4620
11485
7532172
3000
37778727
21848339
4352
18987
24263751
42213
56069
42011259
7071
72175566
42015718
35999165
13111
36797
6637
17234
12594
28022
2174909
2174119
56720131
19704
21188399
53002
125109577
55031
15773
18798
209840515
209840512
11663
18805
33053
55581
8068
8633
60015
13544857
13776802
13514859
13777281
21440
4988
35205
12015
195232835
13363616
58289
10086
12843
14471
3691
7770913
7796986
47113
30235
44739
18402
60873
38552
50097
58129
26621
10890169
102246291
21429
47103
30807
31029
19757
41002
57102
50702
16862
418557
144716709
12583
102246521
34185
24195
24191
21893
62672
102246322
29027
13184198
13162
57699
50412
20203
57697
457
21891
5921
117617565
144709019
13163
13122
125113616
13153
30702
58052
1527449
27354
84415561
141569333
41431
30982
53738
11196
5632
59959
59988
32312
6858033
4063
63063
55332
144721209
3860
53732
56255
2315
3471
20749
27656
7870353
12925
27922
17203
2199
184907648
7581
41391
27043
20437
53395
144734699
15145
31112
3102
105073440
37175
19961
26327098
1522
13311
5784
53258
33143
40381
26624
56720132
6620338
33511
30832
34401
17474
148373746
46398
6881
5670
35334
23554645
23541135
23554655
26941439
7661
204308910
204308908
25181
63345
12338
2109070
2108941
21723
11432
28322
26391
11434
104936199
13248494
27783
15212
30826
15040
29028
7193906
50151
184761886
19485
25040
108091287
1793
40412
40311
19958420
20461
50123
8241
34352
40161
30197
22172
57475
12391
30951
381
33812
33811
58209
145773675
38493
19934073
78886101
12803
53245860
13173
570650
567259
10296
153236861
153236864
20905
90027633
90027533
90027498
2931
22461
10673
49618
48488
14023
15611
31789
22032
36348
31861
17271
45697
44551
22871
50923
61841
102378204
2384
36631
50931
33511910
33531910
50069
50063
26872
2638271
26602192
720
7203
1130433
10201
39706
39704
32557
15282
3892
33101206
4424
3402
59180279
19785453
7201
28302
1412
3690
58321
12253
3093013
15161145
29015
6732
6731
16456443
53651
37071
16467434
22551
45533
24466
4263
4273
34455
12898
2888715
2890215
31449
8197
9284
51294
7212
17212
38211
11278052
1382
29602
1628
2705607
20802
174522590
13545147
167907183
13379395
167907865
54331
22648
54291
211906020
211906019
38881
12632
22902
191506283
102378385
1526639
48641
1523540
1524349
53041
13961
13813
11042
10103
57859
26392
3553
11
7208
1622
36204
16675
16643
3613
72156427
11478836
11490318
36881
12363
20308
36191
7284607
138160929
30855
33443
34382
58136
33693
20163
45290177
2073
207844853
30307
46942
42348328
13601
78144
13042
13041
2721
46113
57666
45747
31502
19637
57874
56291
56293
104938801
37896452
26290
53421
140128270
125174431
40462
6886383
53901541
10878
62871
1060687
1608
16084
6447
21058
11865240
20031
50751
10323
74479379
74479378
137898107
50212
21181
50103
22698
20572
15362987
2023201
6281
9390759
9332133
7852
16551
16552
47903
18383
55931
19102
56719823
45003
13380525
8426
11879696
6448
20595
17495
47863
19961586
4102
30303
11312347
11312344
8988754
9328533
741
67624736
8712763
42532
74479888
32734
207913535
59307
44672
1801
61132
314
32485
54765
13426
33631280
41211
45
1259215
20194
163667612
37899284
23615
40077
23611
2017971
13362936
13363509
3645
30302
9327133
59511
3611
62649
11086025
53443
23323
53992
21212
41801
33026
66678955
44363
16771
10874
64001
102246173
3089103
26565
11483205
2566215
11011
2172
8252
16099
31561
5533496
4182
53683
25571
15896
14794
20511
34403
40402
23176
34212
52300
56131
21105
17069
3882
24124
57288
54389
34657
40403
3692
37201
20691499
42273
5203564
5198564
22686467
141577421
1283
63741
166353
33063
14746146
135802325
14746141
21932
621
5203444
141578963
583
12933
10082
2061
103156135
103165975
103155945
7516199
4212
63261
7494350
24961
20013
30012
31832
14746453
62385
6831987
22119345
20050
45103
45171
7031142
40013
41851
8162
26408545
26374401
45723
8376
15573
15565
98632216
7526855
180356774
370
57061
59827
10133
11391
29683
101129180
28693
18671
196997669
18456890
24248831
10889449
95689
53970
678
10788391
10788248
11919
7031143
19157
103216665
63505
43913892
45531
10167
20166
12771
32865
24407
12877
117489483
7698
108605563
117489374
5265
61449
5409
45221973
10021
52307
27771
11775
19122
754746
11113
33576
41921
30287
30288
264
13123
4552
2022
634991
6132
225287561
11347
1013
14669
2351
2353
2442
971856
971862
184832071
972805
972807
972813
972810
51931
32581
108658029
207844984
31485
32231
12585
7031140
21843
201467897
1103607
22362
30977
19952
32195
1061
38413
30131
31023323
3572
31253
1160686
4542
12191
12195
45552
55391
34064
21506
4707
21372
4624045
13645150
21412
10071
4805522
34632
34635
21562
31302
94037815
4323
55972
41986
12591
43153351
52911
62360
65448
17663
46131
33397
180695243
18211
3742
32402
19092
14089
111298811
30438
10580331
13063
94192783
94192785
16700
12958
134374433
54323
59124
4604045
232317397
16591
13258656
55435
2042327
27505630
58363
26203
27436660
28415
27501267
63
25412
51442
4202
116523421
10532
18302
16623
16848
12552
61883
11243
10041
116523290
116523269
18184
37911306
98401515
98400515
54417
66451380
210769517
58372
11086296
112631341
112631411
22402
18897
100872306
142
100663510
54345
100670448
56246
13954
50633
1400
1874
11473
63431
13258655
20914
41103
8962107
61579
4594
41553
11790
22363
54337
13955
11293
14263
13797
15879
14937
27293
5473
10243
20022
118618615
27921
112631410
2017961
2045037
203318896
60023
26242
23641
7871567
12887
13184499
62322
2311591
31582
1550959
58268
13249473
23688
12629
34761
23713
38989
2298081
125240389
20217210
14151
10253
22899775
53811
118597098
39543
13904945
6080
18120
58892
106965755
12902
56849
116523320
27102
102171007
20833
57802
40431
94030516
26941
3143
2014
62112
8013
42076224
102246973
102246981
15362152
51235966
6660569
173670703
13734
40069289
490
3041
3013
10203
10202
46681
8593
59223290
59218289
14350
53071
23071
39320
102246422
24368
24367
2787305
27296
9011
6236
40014
7035052
21827
31187
2887205
18134
23673507
829
20493
5043
3142
28375
18451
28451
9393
18375
100738073
100738074
20492
43775
58227
47309108
11759
61653
23823
54443
54446
5927
4656
7673
17221
10458
50947063
50947065
27099
23147530
23147419
92282119
92315829
23152
34130
18612
13844042
61155819
16452528
18542
1455901
26671
30161
11941
45174
21371029
43751
21371248
45743
1193609
54253
44943
207845497
25266
207845504
34276580
27131
2042
32387
42083145
10632
3671
112631340
5015
6081
11572
13901
183
21361
21362
6854
40173
17075922
40222
21347
21075
31031
49597
10952
53005
51982
40802
21953
1192312
63265
104951944
53972663
4351561
8538851
77692472
20354
19347
98401585
59060
141568921
7523
47356480
2372
1281
39226
32662
1920455
11801
55291
152204975
7446613
50621
11163
21242
40782
19441
33246
11942
2686
22605
45698
41666
49422
217787812
13822288
20952
22786
10309
44253
2042127
27068189
217787815
104983335
1191544
15301
44333
28755
22763714
22763713
22762204
212080338
41882
145228297
145228307
38513
28612
44992
2429943
2437653
26348155
45301
15096
23022
30886
56689
32439
57246
15571
12551
47959434
47960553
4545
53127
10415
13467
15268
61667
9518
24146
59364
40276
55426
11000
41387
1760
16462515
43807
40098738
10130
19121
11194
23607391
24113
37297
2828
30488
30489
7287298
7286099
51121
118892416
118957912
51123
23219066
3732
99831352
20453
3454
372
77892299
36500
292209
292212
31621
27504153
27501605
21002837
217787996
60656
16433
17021
20494284
16492515
296130
20494775
5432
118637763
11492
41493
57649
21593
12323
242
241
27504297
168188438
60673
9237
4661929
60672
39233
22098883
14778
20675448
652
4927
48401
42063
23761
63594
14709
72352701
4142
4143
25364
19103
12162
12163
118642911
1891
5271
12063
62063
25455
53390
37507
112765952
11003
11001
203438511
40022543
3986
40022542
587
39343
34820649
108091026
8418
8419
56611
20791
24116
122302528
782
38961
495322
18582
494031
37041
8958627
153638827
12451
32125
36963
35556
35555
1629
73084481
20211
617
31149
40128
40271
52702
52708
26523
21751
26522
49666
49681
13071
30309
23412574
37464
20213
6070
102171495
21357
42991
11750
22673
63602
143067900
117615685
6135
6136
2376
42446
42443
54579075
10352
52476
30102
37771
31071
197350128
197350129
1073
3089113
1057
322
15418
10056
8210
8985
28148
8430906
47725
10032
76721
21606
40771
2052832
12376
71641989
20383
7043368
5521
11762
143198871
54930
1671
1932
23062
34756
11155
41155
32713
7712
13049
31201
20782
18581
2764883
39557
20109
207844894
54771849
11552
49235
50701
1501
26245
2492
10956283
10956284
78770044
78770118
3756
20441
14532
81002808
13979
22251
40286
61485
72372700
7107874
20183
44565083
40382
43842
33432
22175
23408
12137
4111
216395317
532
102895252
20382
8122314
10183
3981
25358
14347680
14289739
28021
2893
111356757
60773
732641
737641
752252
747824
15012
15011
15677
2052623
17332
29263
9341131
55350
43331
31448
30371
48923
46999657
13643
52691
52701
8752730
28660
31893
43883
45142
2137459
45329
216705523
5250
1011279
1011276
1011273
3922
20691146
19756568
1733
19756567
40774
96688
62812
61433
207848838
11396703
17111
17113
5334
11673766
54388
42541
33187167
43013
11065
198208643
53375
20603
217786316
13693015
23813
217786313
757252
732649
35129
15548
29003
16898
416233
73935951
11131
7181
20095478
3046
59917
7172
8531
1014
11531
42361
6696394
9996173
29851714
4526
60823
14891
23431077
15772
842
1421
13217
11331
20691148
25564
10081
44913
45146
111482691
866
53893
73936520
28928
55510
52580285
32222
28942
32503
5715
11396706
22959
57162
6382
55682
50161
22276
45772
13081
10011
65553313
3703
55681
3151049
4896
37509
31122
11122
73935739
26305971
53437
31082
20073
36921
15531
47463667
47463595
5681
1061197
35098
10972
7092
31128
12433
20479163
159144
5138
134365242
18353
8102
8103
5461086
9623222
15044
4227665
732754
45471912
65413
55496
13693017
13693011
1241
22642431
22641031
3744
14382757
13250464
20720
17089
19018
594
2592
15093
20800
26566
73939963
20028
50673
5771
65550513
8495
31402
21002847
50043
27557
16464
13250465
19363
531
5143
38426
5744
23568
17462
1632
19953
41106
17551
27831
13249165
10987
124715041
124716721
37093
2251
2503
24482
10085
10087
15368
47464177
13403
45981
19088
164660118
14382756
33426
899
8370
9346
22003
56823
52289
21362577
13553
125666654
143072431
45181
20584
37092
721588
19362
61911
5654
8808
10557772
17452
23297
54381
36421
60983
17912
8627
29249
31191
24028
35949
7132
19174
28713
14198
1751648
3751
25303
6922
60407
3923
7333
143207951
184631142
291
13219
16769
12314
101972987
3771
30964
19550
20910897
20926196
11562
33111
32341
1691
13711
9990941
125670624
21782
13515577
2335948
50202
2331135
63273
63271
31931
101958733
636
11652
7321
15108
9684
8067
52916251
21131618
22057
55843
1282
108690989
62082
62241
10626985
20513
24803119
20494809
23362
64003
11002
37491
53092
61813
65429
8922
33601
3711
3151
53297
31354
32003
10471
37891
49371
45751
41219
2481
11707495
27042
7592
22345
4122
50866
64360
26491
17483
28247
1571
3334
26876
23305
142679004
45757
143196362
143198681
41954
15922
11937
249804584
10132
66141455
21661
7284
42488
1389777
65215
21669
34172
60831
24673957
4176
188236615
9063
3883
27442
30059
8324
47583
4609
57513
2097
7976
39554
30181
41143
47302823
33017459
32990994
85303500
10222
33391947
32600
9103
52562
51323
40062
13866
197347152
152070991
9121
8042250
40041
30491
14411
4419
2703
11237
63801
50883967
21154
4436
18988
52733
33441
51247109
40313
147392077
41231
40810
11755
4052
48232
5869
9118796
9169101
12211
13379776
59583
39311
47735
41163
36332
36333
54275
101124500
48053
9301
117620627
117620006
47201384
30903
122038313
10955963
18511
4631
4633
8734
8735
58266
42077374
13982
47102
181429313
181429316
13986504
54013
40018
125666104
198
197
191
2306281
119038837
28532
18486
63231
8114
8113
20416
40542
30138
50932
20156
10692871
34202
34065
11614
11615
4866
4867
10425
9161964
37083
37086
37492
33310
13362
39421
102247891
37235
7672
3623
94006836
47101
125665964
47159
36872
10239
36422
57411
101894719
46581
20233
36113
40681
16553
10520389
10521678
20583
10889377
13904138
5196
119038229
44971
13445303
41063
20301
30711
34794
40996
23407074
23407683
23407684
2652
6848
6845
7137
62050
4499
58723
36861
23407073
160483249
12223
10955175
118637962
26044
4870
71698948
71715328
71698952
36299
39121
41034839
41033739
36945
10552
152607571
152582999
3812
1197859
4101
22760703
22760704
103022984
12691
71
1251
1290
17822
53505
22760804
22753213
24044
27466
12663
56512113
56512444
7213
22411
53329
24252
45592
12692
61291571
22752203
27786
22752204
47287940
14792
152337529
59947
158730883
17712
40513
3473
8151
53748
56029
22642631
13510519
26843
3107
3108
103024584
158731944
62291
4911
31442
121441580
26762
7716
31793
128201568
11012
128201569
23262
18321
21835
40843676
40843673
30514
26761
20731307
10115
66185632
12541
12445
53251
51233
13510427
10190
15275834
10193
15292534
30081967
43301
30641
23446
54259
37170
11651
117888400
47572
47578
17541
6766332
28075
6761329
6761331
6781221
8326
13251836
13270205
961
190992337
2108368
3221
14671
62163
61561
7384193
105066901
43843814
14672
56991
11787
51365
9361
19192
2442163
2442143
40571
65022
60027
101769874
25356
723
14826
57311
41507
15033
20121
6761330
6761350
49267
30723
17974
6837394
6817179
53889028
14033
61969
128070277
2741930
2726930
128199878
1920
33186488
108047131
118442613
118447175
77726748
62388681
16482
31813
10692520
23931
61351
10622
32769
45890661
2495415
33323
6497
20043
45212
30034
11020580
41013
142873951
33835
141969677
2572
8190
164310313
17076001
13379556
11822
5982
93126917
4426073
5041
2491737
2508583
23277292
13512019
23277291
45912407
17112
100862437
93127069
2508586
4563
13423
20910645
201339525
59971
60081
3359
33153
20023512
2082
2495412
27827465
2080
6751
2096
61506
59970
2497263
40302
52182
44972
24249941
25650
24729
30058
63114
57353
6545
22949431
3873
56719943
11121
3412
1135710
2243845
184832230
48391
37832
10066
10017
4424883
4252
8790
100672087
207844817
4382
14583
124784545
45412
2453963
7067816
14253
41161
24278751
14255
35067
10237
20505
25785650
12322
24061
4611
93353627
56451
9176
24250951
3347347
22201
27216
42970
13143
22759
4282
1305
37226
10491
20353235
8592104
2102714
41131
42752
65012
65013
143197263
40593
3622
15263
14370982
4412
44642
47212
9025
10703079
30151
111488637
28015404
13456442
28005607
13011
66239
66028
9701
9751
34104
28793
5393
833
23725
10962
13953
15082
15312
14369692
32472
41671
17398431
32766
9753
128003950
61262
2000068
33011
40422
40424
45571
17073362
17006966
52502061
52531418
10804
63245
4343
150745548
40352
100997189
11269
84492137
45683
45681
10031
2494107
56012
1277
57664
61678
61677
61671
7462
827139
12003
30752
207845503
15153
3301
37835
168100223
100732325
41602
971731
4342248
48560
57682823
50241
203357013
49948
844837
11132
4700
2491734
35161
15811
168100201
11274
23125
321
971912
17131
17733
32
13316
10708
14027
56720173
12622
12621
3802
4001
8803
12587
10890457
28096
2499597
27490
31233
36412
16651
26515
2506610
17595491
25182
2111620
10171
31461
2832
11151663
73935140
9084
17071
21379682
25823
13115
117940246
51141
45562
7422
153504665
8021
55284
8605
73935260
63515115
63518805
55653
8124
41249
153504745
45824
3573
2285
21379679
26954785
171640396
7161
14364790
47513865
13074
76287512
47614
18083
3720
40312
40202
30171
22889
40494
21375
21312657
136918687
14572
53835955
19756429
19756432
62289
22587
22581
11411
61591
26675853
48726
9825
27682
13196508
20046
1541
203441206
12749
65341
46608107
21693
13242
3930
26067
16335
47090135
427240
62377
53881
203818314
62001
60073
40163
30497
104074691
13931
8831
53267
53857
19364
29006
33701
4891
1521149
1524639
22725
1234
10210
13258944
13260044
28533
13260045
13260043
44406
42881
32101
17595490
55656
67754396
32343
49992
10825501
11151414
3942
4832
3932
19508
10981
24263
32764
13328
11662
3953
39923295
216439465
53820802
26300406
29010
53909420
4100
8927317
51367
54156
2732
169221214
7344275
11491
218386241
12387
218386120
36052
36053
24046
169221213
25316
17
39578673
39578674
39578670
2841
115232350
19782
44612
40333
40321
31845
53917410
53843895
53909389
42301
13773
42882
1191
16613
58597
175046968
38041
4954
13750496
20296
53067048
56271
11169
13182918
49303
181428779
19298
139472139
117617135
139472759
33298
53836875
11778
4060
21038169
15260
18648
175046728
3557
24735
11228
11151882
93
20488
20042
20955
22492
4740120
54313
1720547
211642536
107047142
13151
65419
35211
28189634
107047141
28189637
51033
14167914
35116
26321
30003
20003
249699558
15341
17007147
17007146
36327
38243
9651
44833
12638
12601
18251
59978
9531
4291
106168512
106172322
4002
30533
106045021
38193
38196
12807
26804715
217357252
3062
34601
26384633
151131828
13841112
6012
13251335
13249024
24249951
51213
4051
40071
4752
58211
41331
41337
51468
68243149
68233149
56218
9438147
14364701
16982
10162
240
44252
41082210
110
65241969
64915
3991
40328
3111
64321
30384
17481
18231
4289
3591
37957396
8291
54260
53692
29753957
902
32342
13312
6781219
38821
29201
20252
21364849
136917727
26043
17711
24779
17698
1780383
55701
55766
11222
7182
6252920
21643
32871
21443514
16870
10195
48750
16657
64323
8242
11182
10518883
35821
52695
13102
28413017
6262929
20287
10518880
50261
40371
8465
7460
34053
339
42800
5382
43148
22415
5413
6471
32361
29514
15551
2238445
3346347
153504744
40922
117955277
53330
17739
15186
20023
43256072
25349
22562
161500926
5792
13062
9856
5416
27493
2055
37142
37141
37144
29917322
29917323
14262
31011
14692
28471
29917411
3723
3187
30113
2582
2585
13450382
28571
42641
51063
10161
46112
27076579
35423449
59191
59192
694
29917408
33963
51012
5431
67754378
60131
212076187
55067668
13202908
26272
14160414
15679
56930
36210177
32921511
32926825
2501445
29917410
30311
40131
168375407
168390485
7478663
29097995
64340
58130
25421
9857
37042
32721
30183
30431
13932
9283
13689909
2494101
20065039
17797310
29917409
60124
10522
29143
32909961
32641
21196120
21168399
125597018
121442319
763
16665
50036
30922
65687145
53412
32910180
125599948
31613
55841
10728530
58411513
15313
125599877
23147901
149520827
26123
2273
207786953
10760115
511
14168
45583
45911
56091
57704
35122
61128
17864
7574
15284824
15292444
55247
21061
35101
54333
53622
3888
25656369
25625877
25777031
3653
21699799
8209
27631
19687
27121
21497
56653
8745
33229995
33254864
10341
41343
61472
13821623
6706026
3581
53354650
52014
45791
4950
22291
15211
13776133
10293
3582
94365997
25165
87305204
3151959
13250175
20938
33283
193624937
193625395
201342593
33265
33091
50189
7413
25585
52319
117667266
117667975
9355
20690461
20690851
67123305
58322
67118996
64914
1243
34731
7108
14075345
61073
2580025
53171
19360
20234
41414
828
2277
60072
60305
6781220
47261
10627234
20216870
40346
12326
7746486
15171361
23214255
5565
18282
10072
39104628
7014
62081
29408
23147743
56233
180690087
13755381
464
42333
26808867
15569
152189754
1256
61571
57467
12303
61569
2499207
33301
55035
31345
22306
9356
134361491
53362
16469529
14901
54249
41089
19713
46597593
1380809
1380511
1406075
43191
31836
47171
17963
2716
29619
37523
13709
54701
5401
4523
14022675
13972074
54475
15298341
10022
151400371
15434
19476
15292195
5344
50882
143524151
21187391
8039
18372
21026
161409749
117612247
10715
10111
46700201
1729
1217
48054
1730
17463969
33884866
10342
32740
19231
196
4740
54483
53922
13781
32916
13996
33996
1982
67840683
45963
13164
37384
31054
24873
51472
173932957
521
24945
39018
46542
13831683
22830439
15151
30502
31266
8282
22627231
16142
15403157
57463
15633
30281
16582
4921
118763763
24011
31116
11472
54101797
54103398
4147
13249573
27316348
60712
47686
7867742
25542235
62926073
4073
102247662
3765783
34043
22825659
20161
29202
10181
56011
61480
37824823
31000229
121441101
31000209
3505
36175
6844660
17601969
48481
19966
48482
60182
27645359
31000230
118002941
11673765
7111
8033
31703
84427008
46850
201664823
19397
12138
1579
160740284
12312
68243107
30062
31929
16678
45912830
45922830
67890285
30312
53243
102171247
4493
23521
143006304
47112
50982
118964863
1123
31243
29732373
7348494
105906607
105911668
8182
10662703
16462233
7563
10889657
62290
26653
68233107
826469
439
3149549
2571799
62258
30955
46373
49851
8057544
8005154
88090665
14926
117617517
117617515
107398404
107398401
6675849
46596439
125732889
92475702
92475698
31066396
508
55171
63603
49337
59811
4031
53192
5961
50034
3632
37009
57234
57236
11224
47473
40326
154826664
154824883
20292
39081
65752688
65762688
33494143
20413
20658042
20658043
20658048
16472569
24594
11103
1192379
13379
24682
4043
21202
4033
22386
20071
12531
102028980
12932
13793
17892
40853
14473
9425369
10731
18553
50691
37222
679364
47192757
23152330
23152329
190197748
14472
190197728
18279
70265765
70265764
65550323
17003
153907191
11741222
11741220
13521
24055
2821
14555
55033
34551
23673437
102900842
2228871
7722
10351
16755
28283
13812
6381
4442
4441
9023
15739
6767082
762887
37956456
36967
36968
12553
154824643
13195357
19536
154824233
25731
14384967
4963
4992
77757749
10406
18202
7772
48312
46701132
21284606
203329508
203329510
25645
25596
3122
53488869
53489568
53488868
10313
2696
25185
6761340
39182
62355
4023
38337
32691
232
32404
30386
805
3532419
2429753
15191
54145
11644
2435
54712
6780513
2295281
46608142
8411
28986
45177
13200360
157495139
8603
120834979
8850
20944354
44663
5183
23686198
26098
1634
107047139
6223
62257
200737779
8516
8500
13161
4062
26944788
23080004
23080003
23082203
39325
84945639
57362
15246894
118633943
34280631
40932
46174836
45677
158610873
61474
9124693
15703
15173
6629845
211414
22959611
3416683
89929474
89926605
3944
5061873
5061852
89926594
15562
140193277
140194705
26451136
59969
59968
23685882
3008
64453
23685915
14562
14182
53227225
53825
8043354
62195
4813
634479
19434
1492
40896
18892
25064
49802
40967232
40132
40946
91998303
19236
78850611
51022
49298
49292
51052
19352
40
19934771
2351331
2351232
24185
10755
60315
31611
35313
31706
24484
22152
35865913
35866914
35866915
50388
27697768
93505887
13906833
2706
30528
101899016
101899018
62354
44238340
12441
32055
89139061
6964371
20803
33452293
47969
33452211
21084067
63563
21041
62146
16156
1014636
89926534
108091037
89926601
22793
26870174
7981
6534
29321
29322
24122
17921
345
536
6161
4914
23149740
954453
27502085
35203
27714878
29399
11383
4555349
7812
107199081
53024656
35251
24123
24993
3962
16663
33534102
33504102
11312
1433
54813
31086
31705
781
8444
23143
101762485
383161
57282
6808210
29231
27123
56543
14121
912
98632299
63372
10890447
36899
37747
203310851
30145
21084897
31771
12547
52971
107198133
18112
42463
27595037
20226247
30393
19756559
40791
39473
33992
13805607
32340
2097817
45892257
100868756
45892292
4381
68172493
27464015
1240727
461905
461873
10632134
58137
275
12535
30943
7356188
7356189
29389
61032
151
237268237
118769343
32082
35252
36930
13270308
19262
237725540
237248234
3901
22973
4636
17142926
39075
19269
15440
15852
24814
34606
4207302
111201497
15394
1503
355027
355025
368475
11861
22632841
61053
51873
206842407
30736
49715
102377825
62951
12479
57136209
23186819
47353996
28896
1111138
29883
28872
97077760
10143
128203479
3218
12824
12444
66814837
13728827
13728826
4133
23217466
63392
21921
51143
5223
19183
12313
175047117
58396
203310848
11273
11373
2415
14000
31077
15591
23216455
3871
7090031
22293
2310084
2310087
46311
46381220
12302
23217275
16472233
52152
10800951
52073
13520499
827140
12251
140200845
11931
57012
10785974
2687304
47487671
61373
42271282
42015659
13445123
14684
19962
23144157
23174157
40653
59912
37406
1746
118446983
17605
8948107
31033253
54909
1687
201468686
35284
28051
7419
17040
13054
12032
12023
20685
152473169
37333
13380136
12386
40154
16042
33122858
140200847
10978
39051
12373
102827777
23540145
63045672
32233
47354237
57313
32280
8833
20733
7429
36913
62553
32711
33313856
10551
31533
29630
32817
33619
11646
45882830
14147
9236
157382687
6243
20327183
23401
50803
3842
3841
563
53553
199503857
125176283
125180863
10806938
21378
7831367
31241
30344
22119
22113
18301
20393026
48523
166534398
12823
74608
62831
7073
4506
31652
22378
3452
33231085
7471
21816
72157277
72157327
33101380
35985
18369
48521
1162744
1989957
21084918
48801
1647
6837797
6837775
29461
47442
47411
1451
35033
47554
47215
125241979
60896065
1722
40891
24578032
24578022
34097
18131
4161
20135
49703
3658
34297560
34280629
895740
22482
18071
13182869
10782
30203
2032739
22463
64298144
17221647
8000554
20106
34824
84
16392
35027
1511
119038048
59236
3271
20367318
20368661
20661
24905
34958
42389
17211647
42383
10582
2181519
2181499
27529348
32671
19964917
54554
1781
19964915
53907
33794
17372
61157
47042
6883
2182099
4828
68177673
23891
65678568
26297098
8355
35400
509
59843564
13316510
12095
13316509
59843559
53345
135115037
118708777
26192
21861
26191
4461
13389915
13775952
6052
83373405
54103771
17672
3701
13551
33117837
56974
40322
29662
46194863
23546255
69216469
37626
73937899
13053
73937661
35986
13291
73935269
33822
15658
14106268
14091628
2989331
2498653
2501196
22523
13612
18473
20515010
40410
107692561
107691659
13073
29578
10589
10587
18775
18774
16537449
16541120
52010
16113
16112
47188206
13443
16522269
111885373
31056
172165914
172165913
201533911
1505
1943
20381
2509989
3970
27501586
13842358
6760320
201402190
201402229
12778
17031
10049
16058
132130412
132130592
23350737
23350748
11071790
6760321
47706
47707
61408044
34280630
46483
40964101
53523
40262
14358050
50251
19671
61323
4825010
4825015
36173
20741307
104999694
8350
6762000
117619946
43174
117618417
101964362
50765805
53813509
11695
34669047
117049449
30463
27294
27503
26717
25093
23147840
13385307
8303
21792
57969
51462
19526
160613381
160605313
160613681
46103
10084
50553
26292833
78916321
21633
21191801
3852
3851
42759
58273
50500
2518079
53809
56835
8997343
70332620
70331209
40098720
40048864
29513
57441
16315
57766
13926244
104928624
3661
37426
1144376
46700992
16480
15271
15277
89139062
4172
37164
37161
14451
20591
14454
11302
968201
19745017
13326315
57142
53812207
19698
3662
13814499
63950
32632
21452
7871
16423
5381
223360920
11286
1064
141234253
141234256
1724497
19073494
153
1714537
29273
27386301
34159
25208
2791
3015
6840828
60959991
11096836
20225
9024
104926140
25235
25234
14893
19103494
1549
31556131
13356315
27134826
63121
12402
35153
68299244
91817498
166714
4662
105072971
30131456
31232
11962
47283499
20957
147325179
114820
47687586
26327146
25169
151938040
20167993
57474
57873
57875
33055696
33055695
55781
11223
13515357
13184818
4673
102173616
6786
72288450
26217763
50441
46283
14939
43672
10334
1868
19741499
26215013
57381
157494891
1128
22913
41142
104941018
19130227
19122248
4279991
4279996
50002
50632
19112246
19073139
53966813
19113708
23015248
158903
50778
10424
14687
47487988
47461319
59035
24913
17133018
112994626
4362
22963321
22957511
16075
19083494
36463
57703
26255
1634670
47284733
78916318
23239
40511
62403
62402
119386107
10149
636082
633076
15210
20226
636079
21598
20579
20578
7211
11021310
998435
13843067
45879873
3651
119388879
20335031
18468271
28738
23350747
23350847
23350827
23350828
30418
25172
11023616
54555
114823
41273
46700940
33763
33171
78786255
162146617
7960
4200
37392
67381410
67386261
67381060
28723
13263
60262
12082
44585
23187771
23142744
68692601
18438271
56253
12693
2527589
17868
60696
40247
40248
152474337
1176733
41214
23318
2369607
31049
32755
32164
72100121
53341
52302
52303
30815
51151
12628
72100122
20242470
40162
21711
20283
1181
20981
21702
34672460
13806884
1117562
2296038
28677
8137347
12073
141969669
53910
42848
45874
22241
72288528
72288997
56061
21161
13821708
13805831
635952
4543
1141
30681
23184156
19337744
19386
2306682
25347920
2297181
83044463
104941017
104940197
2823779
14167
38273
25347921
16211
4920
2101335
13480472
23148939
6826015
1342
20616
20618
33373
33345
2239968
23147839
40608
3682
31042
28015613
16690
22174
27600077
20823
5014
70331230
5011
5013
213008071
62073
20406
14974
14976
14227
54037831
19956061
141234259
31455
33151302
11971
54093
54092
26455919
3341
62504
22211
13133
11791
27700330
27698114
3593
55908
60291
14902
45633
5919141
14363
9217151
32311
392
10391
13315509
29172
20440114
13197
1126
2562346
2565797
16151
102171775
43801
39699413
49952
20433023
20383023
102957937
102958117
108585195
108585192
15225519
3755140
26386640
26397919
62091
104926545
21513
52554
1536758
4831
2503399
48303
27854613
122825256
15211363
7901
10702
10007
2881
15621
57508
57792
13271
12013
13818
13817
78769995
10812905
6695534
50865
109925925
8704
13445591
13445722
39795593
2456
9018943
41822
13191
6943
13193
41496
2428901
2428898
11496
28678
22083
17607
58500
53947
56847
124225772
10584
14116
65451
2833
66252363
20376611
18311
1593598
27854941
2989592
116326627
116326541
116326703
116326746
116326702
19748500
51062
56109218
56111798
26532
116326555
17793
19811
47792
60402
32551
4511
34676
47923
32867762
2937737
22164
47083457
39794474
24678757
24652367
10505
19875
6
18631
40863
40054
40046
53265
42174
119996608
119996997
2200
15161343
4140759
15225963
2435381
36559
13270892
1143205
6756280
26091
11625
21115
10944
48797
25221
20119
61779
130756662
61826
10897
4203
20034
19650
21401
33773
50722
45021
40252
33044
73934700
7842
56441
30242
13415157
10312
37431
61986
17792
14776
26684
354989
26686
15159844
8364
8365
13331052
44832
13326050
126454356
14563
45061
19445
18089
18093
59875
34487
40343
34626
48177
8003
2193
45486
151937914
33495755
33525755
59053
13750065
13916319
3427
11164
42176
21663
37443
13411
22111
223355929
4070
223355932
20400783
11314
31157
23896
36557
48313
10956265
262915
10092
313148
1143
438773
17524
32527
33100258
20801
47461108
17790818
47283849
9374315
2913
118635172
1364841
7818
52321
15807488
15807487
4653
51681
14453
2636353
44291
119996788
4392
19123494
3256
1112624
549887
27562
885
27697470
27702279
5577
7668212
7730803
41250
5953
12833
12464
45691
199503846
27697594
2342
46480
118452663
10221
40142
2430569
26481
24431
98456031
14775
26432
50013
104928622
16536188
16537730
17270479
12522
5833
8578
11581705
25550
7289898
7337588
9391855
13547317
34400
33359
19263
30132
22754
22494
2506899
167975990
7545242
8201
31193
24667
19578
20373
58173
12754
33625841
20311
25391
26751
117615968
32353
108614203
10923
13669
38163
32022
111358245
55857
132
52988
7031
20113
14291145
254783
254454
108614575
4016
20888511
18964
23051
53156269
31386
42735
42736
13756635
28585170
68636633
68626633
20341
651
57836
30002
30001
21083887
21068466
52404
62588
23232
929362
57205
57496
13912
26071
30233
43972
36513
85471383
88343324
53966424
11152
13139
13365121
70640299
4152
26116
63466
12393
25661089
101188815
101188816
11569
19031
28983524
201337014
1742
1161
112339726
13389897
13389896
20218184
20228184
20238116
20196472
20226472
56332
362343
11895481
13047
59229
19838
3561
119054738
119054744
13286
1163
29091
40133
28890
13248664
45162
142874431
61731
17241
14815516
13383
30202
46174563
106973183
44611
1011307
30495
20495
10671
14875369
54261
14420298
21705418
21223
86714371
8073
31075
64840
12508
10269
24320087
23111
23114
12766
12427
41212
19917
19757470
21341
56656
51391
20463
8585
46962
46968
13363
23211
63257
4018
4391
31
27106
27103
40675
27600085
38212
6674517
64289
36161
37394
28930
162702553
17726582
52041
52044
101958846
299924
12124
19093720
32744
57522
8129
20971630
7446
26428215
21035
26428212
21003611
890465
41984
10744
33186247
2621
10285
48253
10145
8382
15781
126364861
56112
54083
53241
31221
26584033
38303
8024084
8024729
26555152
21313871
3267
14246
14244
236806163
18643
4072
32009
6800
45073
21085037
11471
52048
17405
43788
6144
14067
58111
31892
10858932
48850
47456701
23887
33887
78769999
20585
18791
38791
942
51364
64689
3200
65402
14311
34235
102827076
64587
4723
4731
47459459
5872
29457
4999
4993
18217
33106359
29165841
2853
17836
1194459
30342
13016
8563
21954401
2883
51125
182634828
14425
20519
33137
11021660
29166831
119316411
119315872
10703
11020860
28082
15645
20321
22802
53141
53142
53143
44831
40221
29214
43663
13339
32927615
15905
61745
80
14
27662383
16542980
34
30945
51321
51322
6941396
10831
36927
27699723
25018
25007
14313
30081
30071
20921
17839
25163
19014
16865
2663
15236
13617
167927238
211880349
44033
57871
20925
65629
213996
115234
2596382
6283
40272
25291
21541
23023
30644
45905
45427
45425
6833
13461
53539
5113
5601
20652
54534
15891
13251796
40362
19575
25573
84189167
2604675
84188516
871
1157014
84258801
84260432
4631474
15949
101066875
177472281
1543
2822903
16673
13346780
103
37697
38862
101
552
39170
19790
11697
23264
29566
58709
17126186
4593422
20818
19511
11023
6362
22863
138423305
18768
138423245
31392
34723
17010607
2187309
3921
15840
51075
11123318
3463
58010372
15119
31111
29614
44461
21371
42129
23921
42923
151668826
151668829
32002
7393742
2506126
11283865
11282784
91934931
111357705
25932
25621
3583
159255473
1761
401
53011
9201
158745153
27218
21222
11932
61633
25624
10168
11413
10616
16093
3355
20052
19129
22958821
182634739
1664
27854943
49572
2498806
3944835
13756421
20047
46668
52581
53047
53262
7090
60141
142746329
91821106
143593929
91934928
62833
27228
11682
57633
20761
31202
140588981
33801
6811677
6758086
4671
15373
144265804
44696848
33866
151534213
30822
30633
34103
13251834
25142
47301428
37549
122038285
17152981
111848859
11323
45988757
19824889
19823339
33141349
53268856
25272
19447
55803
4170
118895005
42777
22403
111356747
107490052
91831047
54746
41023
54743
100349
98891
98749
50888477
50883918
156107024
50747875
19731
19822989
50485721
26345
16185
15918
85665594
85665595
85669025
17827
20357568
13234
22697161
22694173
14219258
93205706
53913
57329
20153315
33439
52034
33658
21673
1775093
14343
29503
19697
2867
28784
145260087
22691
56768
14927
62394
56762
14922
47560
50883172
50883169
8014205
27648558
72365432
27648113
72368432
4674443
231629441
10662033
47547
45588
26424
65532
65533
26422
15588
50014
26428
65418
30226
19521
27474
61112
8009413
57312
8007975
21486
62873
61111
76156956
10226
8003585
143593958
62717
27854253
47914681
47944681
34022057
56641647
54997
19934842
46164685
10991
16102
20196
25310
1983
46510
19023
60283
40089012
59853
65412
12674
33131360
98788
72225480
60651
2578515
104935448
50207
15231
15222
15101
125240769
14421
97038
17127134
14812
30134
13389877
4540159
13394878
13521469
13512697
14190
125240627
29671
66090499
10273
46184682
2404
11670
10383
33313819
33313820
37749536
166717
29503784
10404
182636189
14711
1488703
145230797
35344
6985612
17146131
118895007
50817191
24002
43122
5688
15642
15646
23733
15181
29503776
41082
36771
7892131
7926071
142614337
40545
2243655
41091
13389876
2243726
2237307
35578
4680
54391
11327
147984661
2962
56577
52443
7891396
8090
43782
8042
53901255
32791
14378240
29503780
10460
31198
14437821
79208311
14437822
26527292
14161
33137198
33096028
53878805
20501
36608
54476
80977102
33504283
51242
54783
48572
17268220
41664
2038
2242645
133258
133261
133255
14553
20935
5907
41923
58463
13258705
12153
3113
3092
16479
275462
8063440
23615871
23615891
46623811
3401
31003348
15871
31053995
16522628
34422
9991
19991
16536173
15711
52211
59387007
10929
52354
58221
52801
58214
46302
26991732
214734259
214731869
2278
30188
46305
29901
51573
16877
18135
3421
59734
28983134
13503
70332629
50550917
50550918
51571
12631
131
53498
17812
14419318
53131
37120
3472
50747267
214732167
54235799
53821
35072691
35072693
26742351
152069313
4193
978
99917
138948152
5067
2234267
32451
26703
27681
98884
45477183
24283731
104928845
13941
31933
10432
10091
22933
792
321731
30824
20458993
20498941
2181399
68019058
138593817
44481
150998007
57278
23227
744038
157382528
157382409
157382088
817881
22226
30343
882
39795935
16991
25452
13379705
25122
8074859
36766087
27470
143338263
143334785
55873
14232
38913739
92341524
92357908
56396
38576
29753557
29692378
2498526
2498523
183033
10620
59843480
8862242
85669023
1113400
46592
27855592
113570574
113701497
15973
24497
47285368
52721
92287799
58292
752
84415559
55802
45523
27854432
26001
35778
812
60991
12093
45993
61233
18895
11726
12573
12022
15624
14295
8017526
1454171
1476061
33777028
43260
32611
73935849
1838
10728
14727
904
28883
27529572
27531632
27472
17193
35073
11943610
11943604
145080741
145050641
34959
51541
92342636
12033
6632
19211
24132
46752975
14095
17982
23157229
9903
55268
8066
53201
1763966
23324291
134554851
5504
898476
898471
868655
105029265
11683
52914
10765
12108
5218
45193
2027
693
23555
50752246
50752249
692
7687
11096
21138
23323101
13545871
15964
6557
23632
31623
15351185
40512
353
35317
36772
11483
2498756
2498753
46146989
46146986
20637
8130517
30582
30485
35486
30482
9553
21558
212077058
29378
36743
23972
23981
30243
2933
30585
11805
11212
10563
44193
14192
36633
2040557
47621
46691
58234
43587
4596
134491005
41943
10427
52068
11303
15953
324486
1512859
1542239
46731670
34902
10333
21531
191506295
41873
191506823
43693
40803
25393
62033
25793
20261
14025901
6709
2040559
22721
673
44579
44573
21437594
1601
57937
15406
15403
14052
14053
23258
50898
16618
20264595
20284556
53932
8082471
8082473
54163113
26786732
33451122
13842565
13193877
15290349
15298424
13821579
33099752
13194219
13184219
40068735
72288778
65411
46809034
21630102
6770320
16612
104926065
2229215
40098735
14148667
6826617
40482
292
10561
15492
3741
42542
9807
9804
20609178
20611430
28921
28925
22541
12912
40088769
35331
40058769
159126739
1853619
27903
2143
43123171
30142
9116
1300
58451514
61401
30961
37075
28031
30152
52352
6695523
33046304
8014404
33252765
33248975
16602620
20891
8008064
46613812
46088909
45902232
4271
20872854
54037519
54054589
13938
53082
57271
1083124
57272
993667
54302141
47545911
20095497
688976
8138225
8137526
13872148
13873009
515193
13779
634345
53047562
8938
53077562
21068494
33362366
2636401
33151300
118710229
13937054
84086160
1091015
53975633
31013996
31023996
12081
17188468
20524320
20570016
28984055
28984053
993368
8450809
21083882
21037331
21083652
8023074
6017
31033289
14643
20177201
56333
20106919
38451
41987
13184622
13204251