460002918927303
460002343243244
460004353454534
460007656453454
460002343534534
460003245353453
460003243453534
460017576576876
460018768655646
460018786556534
460019878675443
460019879867546
460017654567688
460016564535465
460018786765654
460018786756546
460017665765654
460013456778989
460016578767675
460013455767998
460015675646465
460024353453535
460032342342342
460034345343323
310SP2342342342
454062342342342
466013214354353
466923452342342
466972342344523
454037856454533
525052342342345
502164523423553
454003523423523
234153465867987
466891354365875
460034345343323
310SP2342342342
454062342342342
466013214354353
466923452342342
466972342344523
454037856454533
525052342342345
502164523423553
454003523423523
234153465867987
466891354365875
460034345343323
310SP2342342342
454062342342342
466013214354353
466923452342342
466972342344523
454037856454533
525052342342345
502164523423553
454003523423523
234153465867987
466891354365875
460034345343323
310SP2342342342
454062342342342
466013214354353
466923452342342
466972342344523
454037856454533
525052342342345
502164523423553
454003523423523
234153465867987
466891354365875
460034345343323
310SP2342342342
454062342342342
466013214354353
466923452342342
466972342344523
454037856454533
525052342342345
502164523423553
454003523423523
234153465867987
466891354365875
460034345343323
310SP2342342342
454062342342342
466013214354353
466923452342342
466972342344523
454037856454533
525052342342345
502164523423553
454003523423523
234153465867987
466891354365875
