53507
32503
42325
23535
34234
35423
23523
23423
34234
54221
34322
45234
45452
53132
54323
5771
-1
12857
20957
9824
9611
6334
6159
20624
20764
4131
20818
4340
6264
39409
16644
42293
20849
20959
4525
12638
27003
21171
8465
9583
4105
30481
815
20857
37147
20949
9074
6244
30652
42251
24645
20584
20684
16834
200
17689
42450
9962
13352
9493
22804
22975
53568
9908
22995
12548
22727
46505
55583
21499
59262
9240
28721
12879
22644
22991
9982
4
4465
11
22715
20647
22535
18417
9787
6392
20500
33290
13101
6154
33082
21548
9613
4376
43010
4415
20951
9607
47874
39184
9868
14163
9587
12798
42327
370
50482
10192
55050
6290
4129
34865
24785
3700
20494
22548
9750
4118
26534
8193
24611
28727
21518
13144
20809
10011
17823
24592
3500
22467
4250
9447
4456
30695
26487
34088
9977
9521
8545
10188
58113
22831
21383
35035
22709
49451
9335
9577
22987
20781
20743
20733
4290
29693
8472
13192
14235
4148
55232
29972
10170
8449
37245
22959
9489
40963
9798
9418
6289
39420
30529
32785
29607
20954
17169
32997
54060
33062
6155
16657
32946
6311
22874
9563
14086
10143
33141
45408
39188
26492
61701
9530
4097
30625
12373
55174
16837
32814
29080
42248
22426
22417
22814
9827
9720
4489
12673
40991
6182
9454
9436
10070
9664
39216
18428
13175
21129
41776
26440
8483
16662
13112
14143
160
45457
22825
21364
37292
17509
34142
28941
30515
12467
22346
54131
55110
49429
8530
34890
16791
8534
10218
9940
53712
6163
10157
24601
53506
6271
9340
23038
34100
35032
10137
16847
18208
22657
4115
9596
41064
34068
12389
20722
25470
4283
4282
8577
4423
21123
34921
9906
9867
2051
28808
14012
29011
21478
9266
21479
32820
9398
10106
20785
9790
21056
49415
13754
7132
24736
30520
37678
4880
22363
10505
9716
16718
18180
28704
14420
30559
39295
12668
48002
12707
33066
20601
33236
22364
42280
18222
21493
6360
9600
6257
53541
45346
29043
13633
29495
9995
18000
58248
9536
24619
6291
4191
22947
34911
24637
20651
11111
6150
16831
10168
55114
25351
42541
9732
33097
4319
20514
4259
13110
6265
20506
54529
21263
9968
4280
29465
4177
10147
40987
55144
26970
13756
8753
10148
38203
39191
6318
22807
26898
20658
21463
39168
42324
33069
33024
22993
17377
49479
41005
10027
14161
53696
13119
6261
25398
51043
42402
30550
9434
6166
24604
10206
11261
23002
6173
6249
45970
13084
34185
16670
9235
37213
46960
34139
9517
1032
25420
21785
9458
13593
33085
20943
9880
6310
9469
12291
6081
9864
6306
1093
41209
1049
5
9989
9682
20605
26477
20835
28711
9557
6153
22700
9484
40980
4342
57604
22388
20570
6325
25393
17720
54242
64896
6292
41042
13846
49539
57666
16761
14366
18695
13152
9479
8659
17337
21152
55553
9488
21392
14690
22021
22817
43024
9606
26584
10017
32909
17702
17698
9990
28975
16839
9785
6344
9509
57608
18401
24660
63434
12796
20483
4419
6149
57650
29663
4301
21515
712
58115
9515
9766
28938
55554
9260
54561
9556
6238
29264
65535
3286
18448
6307
4337
56833
14006
16776
20752
16871
4194
14800
8501
53681
4270
4345
4433
4417
18426
16818
4125
22805
38181
8487
6253
34974
34104
61885
39202
14504
34085
4413
9988
54530
18300
37261
37165
21120
18784
26472
12691
4292
32772
54097
22703
20516
14488
40964
21473
40967
20831
9712
21768
28969
22553
21882
22457
45831
4586
50435
22925
28723
46992
18201
32804
22648
55120
6296
61705
12488
30997
5195
12431
17174
20904
5194
16448
4374
12388
39293
26905
9237
22452
12882
4285
10015
9050
45874
20606
13069
20790
4426
43022
12809
9916
42286
33096
8257
41784
12386
53603
28976
9281
29982
20758
190
4346
14620
6295
42525
18746
45393
37715
4462
16727
31098
14246
33239
54020
53600
26615
4110
6270
49519
31097
4591
29560
57607
20628
21947
37662
20681
10038
31005
22295
22373
9776
26911
57614
64769
12321
28974
49510
9999
4320
33185
4560
30988
55250
22473
13676
20666
8644
37370
12730
13672
30613
20664
8642
52187
28774
21763
9733
37296
54021
16656
26405
14599
32803
53512
28720
54023
4373
5461
20985
13177
9445
13588
37122
9500
4364
17690
4315
4233
42246
42243
31173
1069
49469
12013
40981
22259
4136
40969
1101
22502
17212
54680
6251
40992
26464
9858
20800
22307
6147
32771
10129
10046
9910
9842
29518
20534
10222
26495
38265
4494
9629
54235
37338
38576
17718
4312
9878
42361
9239
18211
32914
10162
22023
37765
26967
14081
4291
4587
57613
65500
65010
13141
20924
40979
4397
22718
21170
20776
10183
28712
20718
6254
1029
20882
33187
46380
12347
57605
53528
54052
12011
54061
29691
22258
42270
21380
29489
7136
9823
34074
10163
17782
42321
4116
41792
9725
22969
4246
32935
13708
250
26966
32787
50480
20862
59140
54528
33081
9572
32886
9610
14211
20769
41215
20661
13070
37295
9603
9529
62721
45826
6376
37287
26529
9601
6339
32784
53508
7137
7131
16651
54092
20507
816
12859
8593
27056
4189
54055
21363
53529
16643
32786
9686
42452
42253
4369
32846
64772
21773
41208
22587
10611
40977
4155
29553
25440
27011
22740
57603
22809
1035
6252
4542
16771
12470
61
9544
32806
29555
42244
6256
30538
47968
42366
4235
6243
23009
9620
17209
1027
9461
9754
6169
7134
21279
16664
9721
9847
42643
13170
17317
54048
22957
9680
1055
22308
20201
121
270
1001
54418
20524
37257
37658
1122
302
56979
32022
31498
31397
37882
16666
46993
12352
12365
101
1103
4216
38244
13127
5648
28709
1082
9302
22296
53714
1201
406
1376
26282
18
171
21767
22593
25436
8801
9631
33128
30998
12539
2969
10173
22017
20958
1000
31801
9949
30213
25400
12861
21393
27010
30179
60032
41736
48448
6179
47073
38245
4178
28933
9758
9788
21563
40962
16660
14242
10105
9573
46000
307
9598
22500
8994
11026
31060
35322
84
10135
22829
8199
42269
20972
22460
8578
54050
59
8494
71
8516
20840
18787
3109
3003
33041
12679
5504
8532
16811
42367
42281
5011
24759
1104
4486
26425
16464
12440
4493
1391
22695
5031
48097
4061
54049
32903
4159
29045
20792
18280
18705
4391
32770
14009
4438
15913
38495
5022
7287
14313
425
18270
31194
34651
31111
29524
10299
21615
20986
4195
17820
1504
19761
20850
4523
57606
1301
14381
37764
3501
28880
37505
26457
10103
32836
4566
4109
9571
9241
34012
55637
57
37728
16652
10281
35003
20833
20767
16646
38548
4102
34073
34922
8321
52160
10035
8991
20756
33231
89
17167
42245
30017
1016
32781
59652
20592
4262
10022
12601
54057
8674
45441
20887
1006
9343
13619
43014
25602
9599
29638
42425
26406
6345
10571
20488
7184
8678
22
20960
8468
4531
9542
12816
57611
9150
43011
7121
6278
16774
38689
21888
60752
22547
54093
4580
10146
6320
1100
9663
108
2301
63235
54091
56884
59768
6213
14182
58640
21288
9362
9763
340
31410
18290
6380
53602
10198
53505
6242
47875
33208
25357
1341
9795
4527
34761
26483
20616
16672
28717
28962
18299
16741
8535
52157
46853
14609
54108
22358
25
11071
38204
2302
46854
59174
204
16789
7836
35069
55677
20766
4252
22001
6228
38192
13154
46337
9729
9470
4538
32982
21041
29455
55062
55280
9523
22828
21010
22590
14745
413
59175
29662
22303
10138
20869
14305
10321
1200
8721
33031
13351
61704
17665
10013
22437
28936
8650
12701
58228
6353
20798
9411
28708
22455
20607
8673
34944
9612
4166
5103
1112
371
31112
5115
6015
25419
20675
6262
30636
4436
42977
20796
50101
34926
26901
4383
40008
4111
9539
22531
33237
9528
231
11116
1367
8454
20879
34752
38241
9379
5101
26514
4384
43000
41003
4385
55722
20648
37355
13194
62832
9757
37236
41725
12372
22497
45000
42296
6324
21115
43019
22810
13
42400
17734
18352
106
40965
10297
58112
20491
40961
9112
33033
40974
9768
16773
40978
16812
42322
4424
6200
52195
33563
9467
43020
9533
16417
4388
6340
6315
57602
10133
16810
22317
7127
22680
10421
17743
42252
9698
34051
2094
9609
9280
134
45001
8421
1168
30022
9336
1034
28968
41852
41744
42285
14596
21850
14519
4273
6367
40985
6214
52831
20897
5030
21337
22894
4160
21991
9244
13658
4293
21780
21988
9230
29690
12871
22606
13085
49529
32113
4512
18301
17811
16782
57610
29459
44049
150
25448
42290
16794
20763
42475
54178
22920
9502
43
42295
37238
53511
46970
21885
18425
38687
4354
56832
10209
13771
1601
26400
9550
14091
32901
13765
24652
22510
9452
310
6263
9984
62753
37268
9444
26568
44052
14221
28961
7700
32631
54704
52120
3162
31200
37317
38240
1030
8101
25421
14472
4528
317
22926
12797
14184
54078
43023
9441
9332
53574
56191
33034
14011
3071
21260
4534
2607
54017
5501
22456
9797
8481
3131
9507
14
11094
13842
13887
32779
3025
4335
61863
13629
32791
12555
4411
30803
9249
21336
2311
12612
6298
10453
9459
17716
10012
17424
9191
9892
56885
53504
4552
53533
9817
9815
4168
645
37237
4394
16813
18342
17779
22824
22236
26895
214
7966
21979
17158
32154
51011
37298
9684
46489
21310
62724
17513
10001
1028
11010
11002
11097
20894
17787
42401
54022
9462
69
21127
39504
20963
10216
42284
21340
6164
21598
22349
40970
9715
26489
8924
30628
10006
52182
31113
405
50513
21872
34705
31745
54144
4286
55581
16804
37665
16792
23012
9294
10174
92
61816
52180
31621
50
21761
12339
10056
33235
501
32906
59844
9473
33071
32816
17
14827
30558
40157
54206
9227
18833
31019
4432
16887
10132
37128
21112
12705
50437
303
54560
170
9514
14010
64000
45330
34753
35350
13844
33035
34831
37187
41214
10010
47040
22914
25541
13759
5102
20944
4561
33067
9547
13998
2041
54215
6037
21562
17807
25361
20801
1107
44712
16641
21808
34829
46412
61200
4213
30556
1111
31316
10044
38384
3012
1382
4569
14306
6230
4254
1318
9451
30079
9443
17331
16755
25369
12712
46898
12012
6303
9472
26897
39903
34978
22470
25100
17472
39904
13150
35017
12717
18291
49416
26427
35034
30681
4399
22306
9122
5136
10797
9786
22915
21946
4593
30
22461
5915
30000
9370
55058
34130
16659
37143
31488
12647
22462
21822
210
4313
4120
41112
16846
25381
8402
25492
42328
9566
34696
22563
42241
113
124
3288
43017
32800
34698
57665
4347
14276
6302
12031
8181
40966
4421
21202
61821
14102
8141
25344
9481
10807
55076
33109
3289
21267
54544
10171
8505
8594
7788
32691
2031
20705
4551
206
12021
42283
1217
10033
13589
6250
13114
1031
6180
4386
11353
46341
8110
10040
14615
45828
45312
18745
4135
21811
22848
12799
13622
2130
1092
1306
112
58310
4348
10136
9325
42320
17333
45348
24756
8430
22184
17178
4334
281
47009
4601
4371
54204
4579
10043
38501
4452
14120
10055
9201
1251
5275
5754
63418
6272
1066
52
12331
4106
1267
14129
6184
22350
57237
8584
24596
57633
22682
14285
33008
29160
9693
37247
12380
16769
30631
4558
1821
21460
54018
0
17683
7810
39320
21908
50440
28935
26616
20980
68
37254
14446
31022
4196
26402
12377
29799
62725
13898
17491
16673
21969
4395
4549
53667
26532
9410
21616
4439
48317
25571
7011
4112
26493
34900
57734
8453
5500
8672
42294
12574
2496
31189
3117
14778
12573
17294
20613
53665
34607
7012
4519
1109
53649
16828
304
37632
9483
21435
21008
12967
7007
6305
13791
10223
4518
6378
7185
7849
235
22704
28719
17761
55074
37902
21614
37342
26530
33133
9455
17792
1281
20854
9718
4225
51911
40984
34052
17173
4158
10144
9329
4284
50997
12592
17154
9772
4156
10291
9442
9415
9973
9431
16653
21828
9342
37308
40988
20863
17431
33053
61832
61698
4402
4144
43084
7124
20665
29606
63237
8660
13993
38672
38682
6202
9775
21143
470
14171
9353
1126
21308
21953
8497
2991
35809
12336
13985
20499
13153
13143
46467
15901
20593
29536
1260
9853
55001
37441
26917
4010
39406
8601
40064
54205
12706
105
9822
21400
14000
40960
55010
12832
17786
21007
12515
16712
9692
9308
230
37303
9875
38163
16883
21088
14557
29569
8475
37878
62
50108
1113
15902
44003
40897
30643
58625
22382
25408
4152
4540
8470
39197
13739
16654
21262
38228
4154
40983
93
17287
37256
37291
13599
50574
4515
29074
4281
2700
22489
1774
35012
10142
137
16760
21852
48898
54576
8410
6174
9210
12641
1062
4211
9213
16650
21269
18275
245
6276
14646
1300
21438
1820
100
37280
17723
1873
22332
18785
54016
6293
46466
12864
37271
3000
21358
28732
21772
8900
34620
4541
13000
12648
4596
39190
280
4444
22670
10473
13116
5904
12790
12385
6183
2112
50074
35090
22329
6361
13064
9546
21841
14389
1211
26416
58114
9713
11715
16886
55639
18827
27696
24809
20202
16030
40975
41111
29572
41117
24695
58332
17781
23015
37314
42288
811
18357
16001
18261
14754
52164
34947
10131
11133
3216
58164
13357
34970
13843
16778
33091
38684
20874
4476
20861
17226
9531
13111
29051
34504
5133
3102
21361
123
9468
13757
10208
34659
34661
308
5146
21111
34082
26570
40042
53616
1089
22598
26697
53532
13574
28722
12289
17306
17302
46338
213
61815
11611
17217
11300
7196
22289
20858
20634
45045
30987
4545
23028
4950
22723
12405
22321
5766
10721
38223
20619
20723
16482
34050
46860
9946
55552
45830
10251
56893
14266
20602
33025
21765
12789
53045
21546
9516
20504
16400
20777
4572
17728
24622
13912
22952
22845
13176
22900
33158
3101
9832
20950
125
35898
50945
10023
8502
26413
9722
104
40973
34791
1070
4403
30593
183
24802
21184
6391
34945
4416
32950
53025
38238
42282
57649
22759
8462
16663
34023
13155
13113
211
14758
24
18899
4145
9719
1203
4272
9921
17788
10145
14721
20906
4122
11114
54054
42289
56837
542
4567
50948
8040
21093
16762
30587
21265
61702
9560
1005
22509
39402
35014
20794
37304
8151
4517
9871
17789
18420
58166
3104
46195
638
4533
8506
5311
13163
23031
54132
33267
122
22800
55080
7005
14702
49530
4471
9948
616
530
165
14592
6144
28930
4524
42292
28710
20720
20946
29473
21824
20865
13361
16681
20942
13943
29531
59651
26896
6181
9805
22294
29701
30598
6101
14442
1067
49499
29064
57616
2180
13687
1311
7125
5498
10100
20046
4597
26625
329
6255
5510
20803
37126
43015
20773
22031
17550
4372
22284
33055
23500
38180
46441
20804
9255
22554
10152
53570
17677
13847
28707
10140
40
41183
50031
11317
20662
26475
1057
14209
14438
4585
20974
46601
44
10202
4001
410
3306
5392
30301
447
81
17760
17875
48387
120
50030
11698
29491
13056
41
4363
10004
36498
2610
26422
13648
20905
40106
49545
9360
25504
6020
9870
38242
10201
1026
14339
4582
11268
22201
33051
13790
7402
13580
32918
39403
20508
5190
13991
4422
10097
14046
45953
3600
12290
40007
4287
21357
22416
41320
41384
4562
17159
1829
32790
9983
50374
94
9652
249
26996
9883
39498
4589
4564
22821
4127
14094
451
55210
28994
1542
1674
14145
28736
22653
54193
39192
24661
13999
30702
39196
3923
6236
6297
20486
38673
8550
21757
39378
4308
14218
38249
9408
30627
28997
21762
33092
40006
41001
25572
22744
33261
10151
21661
1008
8401
54096
13201
118
177
7498
60090
30532
58269
21277
22223
42242
37289
53682
33250
20604
20761
10158
29014
9683
13881
22555
18424
9742
25367
10169
12744
3610
18720
32774
18834
48000
18176
34690
13926
130
20635
34211
33188
42326
12670
24800
4305
23000
22830
13712
28716
20016
350
301
34695
25221
13573
16726
21769
10008
55056
6309
33146
7
16725
817
46859
16864
4453
29150
16665
57687
16779
9765
12366
1378
107
13661
14806
31015
4529
20587
34060
25936
12589
311
10139
4483
4482
53421
12853
54056
4104
34062
8692
16661
33500
4226
34071
203
32812
12941
13872
9778
48518
34711
20539
20683
164
85
17784
24705
9657
5670
12795
20702
6319
29676
55200
21554
22951
20859
8737
22580
45410
16647
55064
53572
25434
21669
2821
47002
20783
6299
33061
45832
35021
55176
34586
20512
10301
4449
356
21650
4107
6381
23005
13074
54112
9840
38997
4565
31516
11009
26432
20565
22028
21114
42615
20988
4559
39045
20627
21375
20484
28735
11031
16793
20706
21372
58384
20612
29898
65240
1312
4563
9793
38255
9618
24775
37885
59138
53648
54058
8785
1912
20864
21040
7003
31300
13744
28972
21317
43016
28977
54720
713
20019
12671
5800
7001
22878
21764
47872
6301
305
28937
4604
9140
4607
20775
20979
10159
20715
10050
630
58359
54194
22628
1635
20920
42368
14151
26592
40995
21138
10242
14158
22302
1077
16516
16865
28973
29648
21526
12590
29672
1410
21173
20525
44085
59137
11013
35075
34774
16836
44051
55521
22713
14132
30638
33252
39233
53509
10111
47017
4142
20541
4624
30490
7002
29537
8580
66
1013
18370
47016
13130
21748
648
14533
21457
143
153
12689
21585
6148
4140
22996
44083
20846
30586
22990
43018
110
31156
17100
4425
20496
20968
28730
55078
10057
45889
10411
61773
700
8769
12667
30665
16707
33169
20522
54609
9812
22594
22806
18218
4222
407
2493
22671
718
830
13196
3110
275
17884
9723
22046
6157
22384
22785
1331
28706
13806
21304
25402
43013
37233
4428
38464
1433
26275
40111
6277
12544
24810
61699
25584
9338
12995
60303
37127
58276
22793
16667
13145
24779
8304
33123
29021
9685
61843
37230
9290
55501
9648
78
38681
12866
26571
26494
10207
25453
26485
43082
21667
27034
48438
52808
16640
10240
1141
48986
33074
21113
26421
31160
22276
51992
847
37223
29000
20682
1169
10018
9724
17769
32899
42427
3316
3032
16815
9991
55042
14116
22055
9367
17299
49430
18826
117
9970
13124
10626
10622
9996
21978
13158
20721
9543
7122
42600
4197
30525
40971
21619
37487
61029
6357
22921
33030
6283
5122
26386
16534
234
26617
16416
29022
8459
22347
20969
8451
50002
28746
14134
14124
26390
20563
46382
4420
16384
21174
21948
14180
60
9250
9574
21373
1337
22441
54000
18432
4546
5377
12646
8609
34914
13080
8478
195
9520
26444
21
42570
1054
4380
20938
34848
505
54214
13828192
26702
20
22528
2011
10891
10353
57698
9872
22244
48386
240
43012
21434
4243
13001
1806
14537
33134
5685
4139
22731
9655
10041
9570
21148
9814
11022
9349
55525
18803
38214
55641
16386
50512
4141
63345
32793
54019
9848
49409
61000
28932
4418
5998
11701
13821
22923
29634
20643
1063
10231
25385
45427
8414
19606
12563
22291
37249
14759
7123
1411
27066
2601
12986
20526
163
9751
32778
28978
30303
21028
10130
12545
55046
37324
13350
23
14799
10061
21775
12699
55214
11017
4408
44086
36991
17783
4170
55208
16912
12690
10220
49420
22275
4480
109
807
17748
9890
21802
26784
28918
37410
22801
162
9852
33046
42364
45873
400
10307
9661
45313
42675
26934
26785
34623
9110
54024
29151
8833
47877
10003
37325
20535
55204
37282
10211
9595
10351
17696
22820
37754
28695
6314
4501
31800
12950
50528
52813
42676
3402
9789
6199
2600
29563
55098
26788
11003
10511
9423
9771
24597
9641
1604
56337
14601
55084
11697
26446
9646
22749
30800
21442
24668
13653
22887
3022
19
45315
7019
39497
50946
20623
25396
30470
41398
622
26360
46920
9730
20784
40997
24678
39269
22968
6002
30200
38493
20935
25356
9334
55138
4485
54094
52297
14785
24589
59868
9270
16645
42287
50464
10704
215
115
5012
40996
37901
9382
31188
54681
9430
9665
32805
46913
21141
2462
21846
2013
45409
16803
37227
474
50981
22912
37812
40010
9780
14606
4578
45345
37367
1046
41124
55584
9221
39213
13625
8529
50560
31141
3510
35020
9448
8150
30647
48999
28005
29019
6313
20855
58005
1381
140
52810
34692
4185
4232
1970
24607
13347
8500
2165
2155
30626
35031
21089
21845
132
33504
26277
21169
111
5581
9380
22524
35001
4014
21880
8180
9703
1202
37265
22480
6011
26442
17685
6010
27173
17749
2021
27178
904
20915
26583
316
1500
2110
10005
48104
13854
6204
33216
37283
207
24591
8929
22226
22428
26524
10191
32091
9784
8203
22566
24615
33113
9519
13189
5175
46
707
12320
1125
35071
20102
34854
31500
13848
22989
12901
26473
2184
14125
4187
17196
22763
33139
13851
16981
22998
53569
22983
32782
5478
23039
5460
9580
28995
28745
6229
9301
34129
55041
26369
59789
39499
412
14630
10311
11942
24904
34172
34257
14148
14370
31042
7030
25559
127
22667
18688
42325
4003
8130
2222
12361
25461
9811
10261
37802
10429
12375
14109
25562
42476
898
10200
320
11102
802
2171
1288
12424
23995
7162
14999
54051
21413
51173
1511
4487
33076
49449
26595
33312
1271
5831
1808
12562
8786
53635
34712
10071
702
22884
45993
22274
61784
25501
40982
2111
11032
47873
14085
40016
42291
8657
16389
22664
7301
37874
53666
46857
635
2904
58352
5908
10441
3520
34621
55202
18318
9950
40101
216
3723
20953
49470
26561
2121
9347
60030
4174
20603
9477
9310
21896
3408
2973
40002
34049
41120
13706
14612
11042
45827
22625
20537
5913
4440
1242
15361
42451
49431
10
9975
4219
57686
49300
13797
10391
55054
9540
18286
9356
21049
8202
42101
33011
20880
14238
9717
20671
11291
6501
6061
20737
22826
6158
58184
4173
18207
40000
9884
16419
9211
46488
4182
9510
7027
50980
20543
20533
49413
133
28801
23004
12877
9622
49437
12849
34123
34101
22545
30600
49509
14193
20860
50004
28759
6012
21021
35229
5912
11115
12873
17223
9783
37800
22353
2951
10026
51156
10029
33047
12000
9142
21379
9851
9378
28754
42477
21485
64887
10042
21936
18225
40203
14689
32837
33127
17745
9005
28
32872
41212
32947
22394
282
4381
53571
28906
10232
38184
20614
38084
42500
18822
22298
4508
28963
57101
52708
40196
1047
76
25354
1351
30700
13938
32855
54179
32873
46192
46197
60075
20608
30001
14200
1140
4203
16845
20660
9313
52194
54810
4269
30549
37351
54077
37751
4467
5211
10108
18823
28692
22717
24669
59254
9753
22299
421
18345
10098
16770
3287
6300
3186
244
24609
12032
16802
3187
13012
22424
22512
20707
5034
37173
21533
12874
25390
21793
2122
46104
34069
25455
38174
9885
9346
4412
91440
33075
20976
512
26488
86
1489
20839
9833
37204
32998
14796
13742
1051
13666
5090
2929
14608
4318
20749
1061
33078
41125
20989
13193
59952
12519
520
9931
290
27031
4138
21504
20881
21206
9860
33203
45329
14005
25365
5547
1321
32773
23792
39993
49436
28734
5121
25391
1325
24793
10113
12292
8865
24171
9987
20033
11077
37697
24224
9422
58144
12042
10308
12870
5621
34511
10116
14122
30705
18430
252
10226
10067
39283
24774
38
14298
50496
8533
2900
11512
12860
30002
6003
9894
26656
404
25358
32978
9361
21494
20719
34640
26407
20934
44082
12516
34161
22222
9425
20937
54234
37358
33194
20708
22253
11296
27195
16047
22449
18857
34904
26443
38248
4200
61101
6172
9440
27
503
42571
4163
20928
1401
21074
41821
9746
9711
16472
16528
22300
6233
10095
42478
144
9152
40972
20641
10228
13013
22521
9748
12723
21752
22561
9902
25002
138
1
30009
20657
22643
21467
13355
4276
22933
50436
21687
51701
7850
53510
61892
21313
55060
10366
4902
28967
4223
2925
31002
24644
10438
54656
5667
25397
47072
13920
39237
20520
43028
469
22111
29156
10014
13200
33552
29959
318
8452
313
7126
20481
7829
57615
34290
28713
14801
54689
12433
11501
55048
18214
58121
20064
33021
1402
9257
10166
14742
53632
50019
2792
3
9964
15072
8422
21844
5523
10243
11104
43582
27398
10302
37657
22577
5914
28772
7130
14651
20695
10731
45335
47008
30324
14665
26420
35082
8201
1501
6322
9492
56961
32062
9538
2203
38218
16456
33068
8417
26528
46858
26919
17693
9352
57601
57656
3127
10059
17235
6447
36493
506
3103
9808
51063
22940
25502
178
37656
2149
12708
12669
37659
22251
21354
9998
7111
1307
24803
47089
20551
32948
64951
12713
20973
1578
1361
12880
12556
4101
4133
6005
42426
351
54672
23035
10212
9233
18240
5382
37792
9487
9321
2372
1996
17667
55040
26723
1310
5198
1033
22081
20917
45425
8897
22707
26
3002
62488
135
13984
58204
58206
17385
864
4186
58267
9734
13591
1608
12843
30540
1610
29395
37170
9474
36866
29424
30616
40213
4201
37124
26454
34604
34646
26700
22047
14408
39240
40053
450
37695
33258
60203
27019
30684
16449
28715
22549
704
33220
18709
28691
10164
22766
33048
9234
9077
10101
16748
21510
20945
54532
22413
22403
17836
3004
44096
16401
43301
21218
14090
58194
42247
4356
8463
14101
9405
18877
10309
3802
9862
116
9501
9796
7142
42250
9251
11041
20596
30669
33213
22811
16418
30608
10367
314
22448
55186
28971
6338
32891
29023
37269
504
2231
7113
37262
29511
9882
9752
8100
37260
10809
8702
9590
31400
8160
9331
35015
8301